rank_number,actor,contributions,percent,cumulative_sum,cumulative_percent,all_contributions
1,cppforlife,8541,23.33543,8541,23.33543,36601
2,joe-kimmel-vmw,1337,3.65291,9878,26.98833,36601
3,gcheadle-vmware,1235,3.37422,11113,30.36256,36601
4,rohitagg2020,1061,2.89883,12174,33.26139,36601
5,neil-hickey,1050,2.86877,13224,36.13016,36601
6,sethiyash,860,2.34966,14084,38.47982,36601
7,cari-lynn,840,2.29502,14924,40.77484,36601
8,jbrunton,431,1.17756,15355,41.95241,36601
9,StevenLocke,430,1.17483,15785,43.12724,36601
10,microwavables,423,1.15571,16208,44.28294,36601
11,renuy,381,1.04096,16589,45.32390,36601
12,kumaritanushree,325,0.88795,16914,46.21185,36601
13,vmunishwar,213,0.58195,17127,46.79380,36601
14,jtigger,192,0.52458,17319,47.31838,36601
15,pivotal-dean,136,0.37157,17455,47.68995,36601
16,adriens,124,0.33879,17579,48.02874,36601
17,vibhas,110,0.30054,17689,48.32928,36601
18,pivotal-issuemaster,102,0.27868,17791,48.60796,36601
19,braunsonm,67,0.18306,17858,48.79102,36601
20,mhoshi-vm,59,0.16120,17917,48.95221,36601
21,peterfeifanchen,48,0.13114,17965,49.08336,36601
22,iamhsk,43,0.11748,18008,49.20084,36601
23,showpune,43,0.11748,18051,49.31832,36601
24,gmrodgers,42,0.11475,18093,49.43308,36601
25,criztovyl,39,0.10655,18132,49.53963,36601
26,WnP,36,0.09836,18168,49.63799,36601
27,erSitzt,28,0.07650,18196,49.71449,36601
28,YugangW,28,0.07650,18224,49.79099,36601
29,universam1,26,0.07104,18250,49.86203,36601
30,ciriarte,25,0.06830,18275,49.93033,36601
31,cliuj,23,0.06284,18298,49.99317,36601
32,guludo,21,0.05738,18319,50.05055,36601
33,linkdd,21,0.05738,18340,50.10792,36601
34,meier-christoph,20,0.05464,18360,50.16256,36601
35,aknysh,18,0.04918,18378,50.21174,36601
36,Birdrock,18,0.04918,18396,50.26092,36601
37,Zebradil,18,0.04918,18414,50.31010,36601
38,shaheerkootteeri,16,0.04371,18430,50.35382,36601
39,blc1996,15,0.04098,18445,50.39480,36601
40,pavel-khritonenko,15,0.04098,18460,50.43578,36601
41,revolunet,15,0.04098,18475,50.47676,36601
42,EdwinWalela,14,0.03825,18489,50.51501,36601
43,leonard520,12,0.03279,18501,50.54780,36601
44,LukeWinikates,12,0.03279,18513,50.58059,36601
45,Naatan,12,0.03279,18525,50.61337,36601
46,Atharva321,11,0.03005,18536,50.64343,36601
47,jamespollard8,11,0.03005,18547,50.67348,36601
48,kdvolder,11,0.03005,18558,50.70353,36601
49,mohansitaram,11,0.03005,18569,50.73359,36601
50,ramkrishna2k3,11,0.03005,18580,50.76364,36601
51,arfiqbal,10,0.02732,18590,50.79096,36601
52,ciis0,10,0.02732,18600,50.81828,36601
53,galamiram,10,0.02732,18610,50.84561,36601
54,Hugal31,10,0.02732,18620,50.87293,36601
55,ig0rsky,10,0.02732,18630,50.90025,36601
56,joelholmes,10,0.02732,18640,50.92757,36601
57,robertgraeff,10,0.02732,18650,50.95489,36601
58,benjvi,9,0.02459,18659,50.97948,36601
59,caphrim007,9,0.02459,18668,51.00407,36601
60,databasedav,9,0.02459,18677,51.02866,36601
61,firgavin,9,0.02459,18686,51.05325,36601
62,rashedkvm,9,0.02459,18695,51.07784,36601
63,acosta11,8,0.02186,18703,51.09970,36601
64,jbertozzi,8,0.02186,18711,51.12155,36601
65,jfmyers9,8,0.02186,18719,51.14341,36601
66,kartiklunkad26,8,0.02186,18727,51.16527,36601
67,lnhrdt,8,0.02186,18735,51.18713,36601
68,soumyapanigrahi-code,8,0.02186,18743,51.20898,36601
69,AyWa,7,0.01913,18750,51.22811,36601
70,btrieger,7,0.01913,18757,51.24723,36601
71,m0un10,7,0.01913,18764,51.26636,36601
72,ojhughes,7,0.01913,18771,51.28548,36601
73,petewall,7,0.01913,18778,51.30461,36601
74,RadhaR4,7,0.01913,18785,51.32373,36601
75,wonderix,7,0.01913,18792,51.34286,36601
76,AbirHamzi,6,0.01639,18798,51.35925,36601
77,AndreSteenveld,6,0.01639,18804,51.37565,36601
78,benhass,6,0.01639,18810,51.39204,36601
79,bonzofenix,6,0.01639,18816,51.40843,36601
80,boyfzb2018,6,0.01639,18822,51.42482,36601
81,cappyzawa,6,0.01639,18828,51.44122,36601
82,chrismellard,6,0.01639,18834,51.45761,36601
83,devthejo,6,0.01639,18840,51.47400,36601
84,DTTerastar,6,0.01639,18846,51.49040,36601
85,fjagugar,6,0.01639,18852,51.50679,36601
86,ggillies,6,0.01639,18858,51.52318,36601
87,kvmw,6,0.01639,18864,51.53958,36601
88,Logiraptor,6,0.01639,18870,51.55597,36601
89,lucaschimweg,6,0.01639,18876,51.57236,36601
90,nicholasmhughes,6,0.01639,18882,51.58875,36601
91,rcls,6,0.01639,18888,51.60515,36601
92,scottd018,6,0.01639,18894,51.62154,36601
93,slapula,6,0.01639,18900,51.63793,36601
94,stoned,6,0.01639,18906,51.65433,36601
95,YuxinZhou,6,0.01639,18912,51.67072,36601
96,2muchgit,5,0.01366,18917,51.68438,36601
97,abubakarm94,5,0.01366,18922,51.69804,36601
98,achimweigel,5,0.01366,18927,51.71170,36601
99,alexyao2015,5,0.01366,18932,51.72536,36601
100,ashvinmoro,5,0.01366,18937,51.73902,36601
101,bmobot9000,5,0.01366,18942,51.75268,36601
102,crhntr,5,0.01366,18947,51.76635,36601
103,dsiebel,5,0.01366,18952,51.78001,36601
104,fredwangwang,5,0.01366,18957,51.79367,36601
105,joefitzgerald,5,0.01366,18962,51.80733,36601
106,martyspiewak,5,0.01366,18967,51.82099,36601
107,ngauje,5,0.01366,18972,51.83465,36601
108,rnandi,5,0.01366,18977,51.84831,36601
109,Sly555,5,0.01366,18982,51.86197,36601
110,ssamrit-vmw,5,0.01366,18987,51.87563,36601
111,abetaev,4,0.01093,18991,51.88656,36601
112,ahoehma,4,0.01093,18995,51.89749,36601
113,bosix,4,0.01093,18999,51.90842,36601
114,btheado,4,0.01093,19003,51.91935,36601
115,computeracer,4,0.01093,19007,51.93028,36601
116,groundnuty,4,0.01093,19011,51.94120,36601
117,itaytalmi,4,0.01093,19015,51.95213,36601
118,jcfj,4,0.01093,19019,51.96306,36601
119,joshuatcasey,4,0.01093,19023,51.97399,36601
120,jrmyr,4,0.01093,19027,51.98492,36601
121,juanr2001,4,0.01093,19031,51.99585,36601
122,kayvee83,4,0.01093,19035,52.00678,36601
123,khan-ajamal,4,0.01093,19039,52.01770,36601
124,marshtompsxd,4,0.01093,19043,52.02863,36601
125,niallthomson,4,0.01093,19047,52.03956,36601
126,nicholasdille,4,0.01093,19051,52.05049,36601
127,nicolasff,4,0.01093,19055,52.06142,36601
128,nithinmy,4,0.01093,19059,52.07235,36601
129,nocquidant,4,0.01093,19063,52.08328,36601
130,old-ocean-creature,4,0.01093,19067,52.09421,36601
131,pmmalinov01,4,0.01093,19071,52.10513,36601
132,pnsantos,4,0.01093,19075,52.11606,36601
133,ProNibs,4,0.01093,19079,52.12699,36601
134,RafPe,4,0.01093,19083,52.13792,36601
135,Rock981119,4,0.01093,19087,52.14885,36601
136,sryabkov,4,0.01093,19091,52.15978,36601
137,tanzu-tap,4,0.01093,19095,52.17071,36601
138,tompscanlan,4,0.01093,19099,52.18163,36601
139,zmb3,4,0.01093,19103,52.19256,36601
140,agascon,3,0.00820,19106,52.20076,36601
141,alexander-bruun,3,0.00820,19109,52.20896,36601
142,andmagom,3,0.00820,19112,52.21715,36601
143,andyshinn,3,0.00820,19115,52.22535,36601
144,astaruch,3,0.00820,19118,52.23355,36601
145,b3j0f,3,0.00820,19121,52.24174,36601
146,chris-chambers,3,0.00820,19124,52.24994,36601
147,cxhrouet,3,0.00820,19127,52.25814,36601
148,damzog,3,0.00820,19130,52.26633,36601
149,dhohengassner,3,0.00820,19133,52.27453,36601
150,dobrinkamladenova,3,0.00820,19136,52.28272,36601
151,dreftymac,3,0.00820,19139,52.29092,36601
152,elsbrock,3,0.00820,19142,52.29912,36601
153,emayssat,3,0.00820,19145,52.30731,36601
154,fcremo,3,0.00820,19148,52.31551,36601
155,flawedmatrix,3,0.00820,19151,52.32371,36601
156,frizzr,3,0.00820,19154,52.33190,36601
157,Gerrit-K,3,0.00820,19157,52.34010,36601
158,johny-mnemonic,3,0.00820,19160,52.34830,36601
159,jspawar,3,0.00820,19163,52.35649,36601
160,kieron-dev,3,0.00820,19166,52.36469,36601
161,KR411-prog,3,0.00820,19169,52.37289,36601
162,malcolm061990,3,0.00820,19172,52.38108,36601
163,manning-ncsa,3,0.00820,19175,52.38928,36601
164,marekm71,3,0.00820,19178,52.39748,36601
165,maximeburri,3,0.00820,19181,52.40567,36601
166,mjangi9292,3,0.00820,19184,52.41387,36601
167,mlunadia,3,0.00820,19187,52.42206,36601
168,Mohsen-Phoenix,3,0.00820,19190,52.43026,36601
169,mpermar,3,0.00820,19193,52.43846,36601
170,mtricht,3,0.00820,19196,52.44665,36601
171,nairb774,3,0.00820,19199,52.45485,36601
172,Neonox31,3,0.00820,19202,52.46305,36601
173,niitwh,3,0.00820,19205,52.47124,36601
174,Nitive,3,0.00820,19208,52.47944,36601
175,NoiSek,3,0.00820,19211,52.48764,36601
176,ntalekt,3,0.00820,19214,52.49583,36601
177,pingcrosby,3,0.00820,19217,52.50403,36601
178,poblin-orange,3,0.00820,19220,52.51223,36601
179,Preskton,3,0.00820,19223,52.52042,36601
180,rkatti,3,0.00820,19226,52.52862,36601
181,ron1,3,0.00820,19229,52.53682,36601
182,ShajithaMohammed,3,0.00820,19232,52.54501,36601
183,snbloch,3,0.00820,19235,52.55321,36601
184,thmzlt,3,0.00820,19238,52.56141,36601
185,tywldx,3,0.00820,19241,52.56960,36601
186,yuezhizizhang,3,0.00820,19244,52.57780,36601
187,zynpsnltrkk,3,0.00820,19247,52.58599,36601
188,2shsh,2,0.00546,19249,52.59146,36601
189,aashah,2,0.00546,19251,52.59692,36601
190,abenabid,2,0.00546,19253,52.60239,36601
191,AkhilCh308,2,0.00546,19255,52.60785,36601
192,akodali18,2,0.00546,19257,52.61332,36601
193,allele-inverse,2,0.00546,19259,52.61878,36601
194,ameena007,2,0.00546,19261,52.62425,36601
195,anujc25,2,0.00546,19263,52.62971,36601
196,bcdurden,2,0.00546,19265,52.63517,36601
197,brittonhayes,2,0.00546,19267,52.64064,36601
198,bryanneva,2,0.00546,19269,52.64610,36601
199,bsctl,2,0.00546,19271,52.65157,36601
200,ccollicutt,2,0.00546,19273,52.65703,36601
201,ChaseVoid,2,0.00546,19275,52.66250,36601
202,coreyti,2,0.00546,19277,52.66796,36601
203,corneil,2,0.00546,19279,52.67342,36601
204,coro,2,0.00546,19281,52.67889,36601
205,cwlbraa,2,0.00546,19283,52.68435,36601
206,danielburrell,2,0.00546,19285,52.68982,36601
207,davincizhao,2,0.00546,19287,52.69528,36601
208,dcchambers,2,0.00546,19289,52.70075,36601
209,dherbrich,2,0.00546,19291,52.70621,36601
210,dj-wasabi,2,0.00546,19293,52.71167,36601
211,dmitrynovik,2,0.00546,19295,52.71714,36601
212,dpb587,2,0.00546,19297,52.72260,36601
213,drawsmcgraw,2,0.00546,19299,52.72807,36601
214,dynaxis,2,0.00546,19301,52.73353,36601
215,eduardoroliveira,2,0.00546,19303,52.73900,36601
216,emilycoco,2,0.00546,19305,52.74446,36601
217,erkerb4,2,0.00546,19307,52.74992,36601
218,gerrnot,2,0.00546,19309,52.75539,36601
219,gretel,2,0.00546,19311,52.76085,36601
220,hemakshis,2,0.00546,19313,52.76632,36601
221,ideal,2,0.00546,19315,52.77178,36601
222,ioben,2,0.00546,19317,52.77725,36601
223,james-pollard-leapyear,2,0.00546,19319,52.78271,36601
224,jan-hudec,2,0.00546,19321,52.78818,36601
225,jaresty,2,0.00546,19323,52.79364,36601
226,jdojff,2,0.00546,19325,52.79910,36601
227,jmcclenny-PRE,2,0.00546,19327,52.80457,36601
228,JollyWizard,2,0.00546,19329,52.81003,36601
229,kenahoo,2,0.00546,19331,52.81550,36601
230,kipit,2,0.00546,19333,52.82096,36601
231,lirsacc,2,0.00546,19335,52.82643,36601
232,Lwxiang,2,0.00546,19337,52.83189,36601
233,maralavi,2,0.00546,19339,52.83735,36601
234,matthewcosgrove,2,0.00546,19341,52.84282,36601
235,N00BEST,2,0.00546,19343,52.84828,36601
236,NexZhu,2,0.00546,19345,52.85375,36601
237,nlewo,2,0.00546,19347,52.85921,36601
238,paulcwarren,2,0.00546,19349,52.86468,36601
239,pulkit-chandra,2,0.00546,19351,52.87014,36601
240,PyMeH,2,0.00546,19353,52.87560,36601
241,rit001,2,0.00546,19355,52.88107,36601
242,Rocking80,2,0.00546,19357,52.88653,36601
243,SachithKasthuriarachchi,2,0.00546,19359,52.89200,36601
244,sbvitok,2,0.00546,19361,52.89746,36601
245,shmolyneaux,2,0.00546,19363,52.90293,36601
246,shreyassreenivas,2,0.00546,19365,52.90839,36601
247,sneerin,2,0.00546,19367,52.91385,36601
248,swenzel,2,0.00546,19369,52.91932,36601
249,tiger1019,2,0.00546,19371,52.92478,36601
250,unknownzone96,2,0.00546,19373,52.93025,36601
251,vangie,2,0.00546,19375,52.93571,36601
252,wezzman,2,0.00546,19377,52.94118,36601
253,xuanqu,2,0.00546,19379,52.94664,36601
254,zoncoen,2,0.00546,19381,52.95211,36601
255,adamfowleruk,1,0.00273,19382,52.95484,36601
256,afewell,1,0.00273,19383,52.95757,36601
257,aisbaa,1,0.00273,19384,52.96030,36601
258,alexbarbato,1,0.00273,19385,52.96303,36601
259,AllaeddineEL,1,0.00273,19386,52.96577,36601
260,alvarosanchez,1,0.00273,19387,52.96850,36601
261,amymanion,1,0.00273,19388,52.97123,36601
262,andreizimin,1,0.00273,19389,52.97396,36601
263,andrew-su,1,0.00273,19390,52.97669,36601
264,anEXPer,1,0.00273,19391,52.97943,36601
265,anibal-aguila,1,0.00273,19392,52.98216,36601
266,antgamdia,1,0.00273,19393,52.98489,36601
267,antmarot,1,0.00273,19394,52.98762,36601
268,apivzero,1,0.00273,19395,52.99036,36601
269,BennyThink,1,0.00273,19396,52.99309,36601
270,boogi,1,0.00273,19397,52.99582,36601
271,btwiuse,1,0.00273,19398,52.99855,36601
272,caniko,1,0.00273,19399,53.00128,36601
273,cboitel,1,0.00273,19400,53.00402,36601
274,chris-sanders,1,0.00273,19401,53.00675,36601
275,christianang,1,0.00273,19402,53.00948,36601
276,cknoblauch,1,0.00273,19403,53.01221,36601
277,cocampbe,1,0.00273,19404,53.01494,36601
278,daneov,1,0.00273,19405,53.01768,36601
279,danjahner,1,0.00273,19406,53.02041,36601
280,daretodave,1,0.00273,19407,53.02314,36601
281,davedittrich,1,0.00273,19408,53.02587,36601
282,dben,1,0.00273,19409,53.02861,36601
283,dburgermeister,1,0.00273,19410,53.03134,36601
284,DennyHoang,1,0.00273,19411,53.03407,36601
285,dmarmugi,1,0.00273,19412,53.03680,36601
286,Excpt0r,1,0.00273,19413,53.03953,36601
287,flutterq,1,0.00273,19414,53.04227,36601
288,gabyx,1,0.00273,19415,53.04500,36601
289,garrettthomaskth,1,0.00273,19416,53.04773,36601
290,georgevad,1,0.00273,19417,53.05046,36601
291,ggpaue,1,0.00273,19418,53.05320,36601
292,gyj0825,1,0.00273,19419,53.05593,36601
293,hasufell,1,0.00273,19420,53.05866,36601
294,hulucc,1,0.00273,19421,53.06139,36601
295,iilyak,1,0.00273,19422,53.06412,36601
296,iliazlobin,1,0.00273,19423,53.06686,36601
297,iTsFILIPOficial,1,0.00273,19424,53.06959,36601
298,jdiasamaro,1,0.00273,19425,53.07232,36601
299,jduepmeier,1,0.00273,19426,53.07505,36601
300,jduong-allscripts,1,0.00273,19427,53.07778,36601
301,Jeremy-Boyle,1,0.00273,19428,53.08052,36601
302,jessechahal,1,0.00273,19429,53.08325,36601
303,jhosteny,1,0.00273,19430,53.08598,36601
304,jigsheth57,1,0.00273,19431,53.08871,36601
305,jtarchie,1,0.00273,19432,53.09145,36601
306,jthegedus,1,0.00273,19433,53.09418,36601
307,jvalkeal,1,0.00273,19434,53.09691,36601
308,jvassev,1,0.00273,19435,53.09964,36601
309,kevinvmware,1,0.00273,19436,53.10237,36601
310,kevinvmware01,1,0.00273,19437,53.10511,36601
311,krishnaindani,1,0.00273,19438,53.10784,36601
312,lalithsuresh,1,0.00273,19439,53.11057,36601
313,lemaral,1,0.00273,19440,53.11330,36601
314,leonidbelkind,1,0.00273,19441,53.11604,36601
315,maxice8,1,0.00273,19442,53.11877,36601
316,mojito317,1,0.00273,19443,53.12150,36601
317,moleske,1,0.00273,19444,53.12423,36601
318,MrTrustworthy,1,0.00273,19445,53.12696,36601
319,mymasse,1,0.00273,19446,53.12970,36601
320,nayan-mistry,1,0.00273,19447,53.13243,36601
321,nedenwalker,1,0.00273,19448,53.13516,36601
322,niemeyer,1,0.00273,19449,53.13789,36601
323,nightwatchcyber,1,0.00273,19450,53.14062,36601
324,omgnuts,1,0.00273,19451,53.14336,36601
325,phluks,1,0.00273,19452,53.14609,36601
326,pjk25,1,0.00273,19453,53.14882,36601
327,pk89,1,0.00273,19454,53.15155,36601
328,ploef,1,0.00273,19455,53.15429,36601
329,pn-santos,1,0.00273,19456,53.15702,36601
330,ralbertsasrc,1,0.00273,19457,53.15975,36601
331,ram-pivot,1,0.00273,19458,53.16248,36601
332,ranfysvalle02,1,0.00273,19459,53.16521,36601
333,reid47,1,0.00273,19460,53.16795,36601
334,rguske,1,0.00273,19461,53.17068,36601
335,RichSilk,1,0.00273,19462,53.17341,36601
336,roaddemon,1,0.00273,19463,53.17614,36601
337,ryankilroy,1,0.00273,19464,53.17887,36601
338,sanketg86,1,0.00273,19465,53.18161,36601
339,SaschaSchlemmer,1,0.00273,19466,53.18434,36601
340,ScriptAutomate,1,0.00273,19467,53.18707,36601
341,seanorama,1,0.00273,19468,53.18980,36601
342,shamus,1,0.00273,19469,53.19254,36601
343,sharmavijay86,1,0.00273,19470,53.19527,36601
344,shivaani0505,1,0.00273,19471,53.19800,36601
345,shwethaks1,1,0.00273,19472,53.20073,36601
346,skinny,1,0.00273,19473,53.20346,36601
347,slushysnowman,1,0.00273,19474,53.20620,36601
348,smg8fe,1,0.00273,19475,53.20893,36601
349,SnarfleBunny,1,0.00273,19476,53.21166,36601
350,snehalbiche,1,0.00273,19477,53.21439,36601
351,squeedee,1,0.00273,19478,53.21713,36601
352,SSan-dhya,1,0.00273,19479,53.21986,36601
353,strophy,1,0.00273,19480,53.22259,36601
354,SUPRRITHA,1,0.00273,19481,53.22532,36601
355,suzuki-takayuki,1,0.00273,19482,53.22805,36601
356,tezizzm,1,0.00273,19483,53.23079,36601
357,TheCakeIsNaOH,1,0.00273,19484,53.23352,36601
358,ThomasVitale,1,0.00273,19485,53.23625,36601
359,tomkennedy513,1,0.00273,19486,53.23898,36601
360,tsfrt,1,0.00273,19487,53.24171,36601
361,tswicegood,1,0.00273,19488,53.24445,36601
362,vdesikanvmware,1,0.00273,19489,53.24718,36601
363,Velyks,1,0.00273,19490,53.24991,36601
364,vikundral,1,0.00273,19491,53.25264,36601
365,vishrantgupta,1,0.00273,19492,53.25538,36601
366,visomar,1,0.00273,19493,53.25811,36601
367,vvicaretti,1,0.00273,19494,53.26084,36601
368,warroyo,1,0.00273,19495,53.26357,36601
369,zalyoung,1,0.00273,19496,53.26630,36601
370,zoop-btc,1,0.00273,19497,53.26904,36601
371,zyyw,1,0.00273,19498,53.27177,36601
