rank_number,actor,contributions,percent,cumulative_sum,cumulative_percent,all_contributions
1,shm12,345,5.22490,345,5.22490,6603
2,amirmalka,289,4.37680,634,9.60170,6603
3,YiscahLevySilas1,265,4.01333,899,13.61502,6603
4,kooomix,190,2.87748,1089,16.49250,6603
5,Daniel-GrunbergerCA,187,2.83205,1276,19.32455,6603
6,rotemamsa,172,2.60488,1448,21.92943,6603
7,vladklokun,169,2.55944,1617,24.48887,6603
8,Bezbran,149,2.25655,1766,26.74542,6603
9,Moshe-Rappaport-CA,115,1.74163,1881,28.48705,6603
10,suhasgumma,108,1.63562,1989,30.12267,6603
11,radoslawdob,77,1.16614,2066,31.28881,6603
12,pwnb0y,65,0.98440,2131,32.27321,6603
13,itsCheithanya,58,0.87839,2189,33.15160,6603
14,anubhav06,53,0.80267,2242,33.95426,6603
15,rcohencyberarmor,50,0.75723,2292,34.71149,6603
16,yuleib,29,0.43919,2321,35.15069,6603
17,MrKrishnaAgarwal,27,0.40891,2348,35.55959,6603
18,orrgato,26,0.39376,2374,35.95335,6603
19,deepuyadav004,22,0.33318,2396,36.28654,6603
20,bishal7679,21,0.31804,2417,36.60457,6603
21,fredbi,21,0.31804,2438,36.92261,6603
22,Cvr421,19,0.28775,2457,37.21036,6603
23,RayAsh37,19,0.28775,2476,37.49811,6603
24,clintmod,17,0.25746,2493,37.75557,6603
25,legendarykamal,16,0.24231,2509,37.99788,6603
26,leonidsandler,16,0.24231,2525,38.24019,6603
27,RohitYandigeri,16,0.24231,2541,38.48251,6603
28,fengshunli,15,0.22717,2556,38.70968,6603
29,souravsk,15,0.22717,2571,38.93685,6603
30,Aman123lug,14,0.21202,2585,39.14887,6603
31,ash-kamrip,14,0.21202,2599,39.36090,6603
32,Coolsum4,14,0.21202,2613,39.57292,6603
33,MaruthiKo,14,0.21202,2627,39.78495,6603
34,SaptarshiSarkar12,14,0.21202,2641,39.99697,6603
35,devmrfitz,12,0.18174,2653,40.17871,6603
36,iamhardikat11,12,0.18174,2665,40.36044,6603
37,maheshsk28211,12,0.18174,2677,40.54218,6603
38,sprathod369,12,0.18174,2689,40.72391,6603
39,KanishkaVerma054,11,0.16659,2700,40.89050,6603
40,om2137,11,0.16659,2711,41.05710,6603
41,Zoomhawk,11,0.16659,2722,41.22369,6603
42,itsOmSarraf,10,0.15145,2732,41.37513,6603
43,lamenawuer,10,0.15145,2742,41.52658,6603
44,LiorAlafiArmo,10,0.15145,2752,41.67803,6603
45,TarangVerma,10,0.15145,2762,41.82947,6603
46,trishitchar,10,0.15145,2772,41.98092,6603
47,xdavidel,10,0.15145,2782,42.13236,6603
48,biacharj,9,0.13630,2791,42.26867,6603
49,cigra,9,0.13630,2800,42.40497,6603
50,PraveenNanda124,9,0.13630,2809,42.54127,6603
51,RahulSurwade08,9,0.13630,2818,42.67757,6603
52,satvik2131,9,0.13630,2827,42.81387,6603
53,yf-odyssey,9,0.13630,2836,42.95017,6603
54,zohebs341,9,0.13630,2845,43.08648,6603
55,Meyazhagan,8,0.12116,2853,43.20763,6603
56,oakgul1,8,0.12116,2861,43.32879,6603
57,ohadm2,8,0.12116,2869,43.44995,6603
58,satyamkale27,8,0.12116,2877,43.57110,6603
59,SD-13,8,0.12116,2885,43.69226,6603
60,shivang2000,8,0.12116,2893,43.81342,6603
61,yonahd,8,0.12116,2901,43.93458,6603
62,jsa2,7,0.10601,2908,44.04059,6603
63,PratikDey,7,0.10601,2915,44.14660,6603
64,ryuusama09,7,0.10601,2922,44.25261,6603
65,SmartGuyy,7,0.10601,2929,44.35862,6603
66,teemosuny,7,0.10601,2936,44.46464,6603
67,testwill,7,0.10601,2943,44.57065,6603
68,wim-de-groot,7,0.10601,2950,44.67666,6603
69,ZacHaque,7,0.10601,2957,44.78267,6603
70,aiyushbedi007,6,0.09087,2963,44.87354,6603
71,anjannair,6,0.09087,2969,44.96441,6603
72,echoblag,6,0.09087,2975,45.05528,6603
73,rahuldhirendersingh,6,0.09087,2981,45.14615,6603
74,RothAndrew,6,0.09087,2987,45.23701,6603
75,Rounak-28,6,0.09087,2993,45.32788,6603
76,yairyairyair,6,0.09087,2999,45.41875,6603
77,AmanGupta677,5,0.07572,3004,45.49447,6603
78,avikittu,5,0.07572,3009,45.57020,6603
79,DivyanshSingh12,5,0.07572,3014,45.64592,6603
80,dsolstad,5,0.07572,3019,45.72164,6603
81,falconcode16,5,0.07572,3024,45.79736,6603
82,Hirdey-1999,5,0.07572,3029,45.87309,6603
83,kunjgit,5,0.07572,3034,45.94881,6603
84,nalin-singh,5,0.07572,3039,46.02453,6603
85,NirmitSawant,5,0.07572,3044,46.10026,6603
86,OmAximani0,5,0.07572,3049,46.17598,6603
87,rakshitgondwal,5,0.07572,3054,46.25170,6603
88,saswat16,5,0.07572,3059,46.32743,6603
89,sojugeorge,5,0.07572,3064,46.40315,6603
90,SrijanShovit,5,0.07572,3069,46.47887,6603
91,vishalgoyal16444,5,0.07572,3074,46.55460,6603
92,ArnWEB,4,0.06058,3078,46.61517,6603
93,asim-bhatta,4,0.06058,3082,46.67575,6603
94,dazzag24,4,0.06058,3086,46.73633,6603
95,ecarbonell-technisys,4,0.06058,3090,46.79691,6603
96,EdSwArchitect,4,0.06058,3094,46.85749,6603
97,fvogl,4,0.06058,3098,46.91807,6603
98,hayzer,4,0.06058,3102,46.97865,6603
99,ibidani,4,0.06058,3106,47.03922,6603
100,JusteenR,4,0.06058,3110,47.09980,6603
101,mario-ezquerro,4,0.06058,3114,47.16038,6603
102,neblen,4,0.06058,3118,47.22096,6603
103,npneeraj,4,0.06058,3122,47.28154,6603
104,prajapatiomkar,4,0.06058,3126,47.34212,6603
105,qgervacio,4,0.06058,3130,47.40270,6603
106,rohan-kulkarni-25,4,0.06058,3134,47.46327,6603
107,Turuk3100,4,0.06058,3138,47.52385,6603
108,9gl,3,0.04543,3141,47.56929,6603
109,amirkCA,3,0.04543,3144,47.61472,6603
110,ampc,3,0.04543,3147,47.66015,6603
111,beniwtv,3,0.04543,3150,47.70559,6603
112,BhairaviSanskriti,3,0.04543,3153,47.75102,6603
113,bluehawk27,3,0.04543,3156,47.79646,6603
114,Chirag8023,3,0.04543,3159,47.84189,6603
115,danieljkemp,3,0.04543,3162,47.88732,6603
116,Deadpicker,3,0.04543,3165,47.93276,6603
117,erikbohnhorst,3,0.04543,3168,47.97819,6603
118,gaurangkudale,3,0.04543,3171,48.02363,6603
119,g-linville,3,0.04543,3174,48.06906,6603
120,gnd,3,0.04543,3177,48.11449,6603
121,harshitasao,3,0.04543,3180,48.15993,6603
122,ijewelmas,3,0.04543,3183,48.20536,6603
123,itsarvindh,3,0.04543,3186,48.25080,6603
124,jainpratik163,3,0.04543,3189,48.29623,6603
125,Kanika637,3,0.04543,3192,48.34166,6603
126,L1ghtman2k,3,0.04543,3195,48.38710,6603
127,lolo32,3,0.04543,3198,48.43253,6603
128,Lucifergene,3,0.04543,3201,48.47796,6603
129,marioosh11,3,0.04543,3204,48.52340,6603
130,matanshk,3,0.04543,3207,48.56883,6603
131,matsonkepson,3,0.04543,3210,48.61427,6603
132,mcolladoio,3,0.04543,3213,48.65970,6603
133,mgi166,3,0.04543,3216,48.70513,6603
134,MonarchGitHub,3,0.04543,3219,48.75057,6603
135,nerodtm,3,0.04543,3222,48.79600,6603
136,noviicee,3,0.04543,3225,48.84144,6603
137,octonawish-akcodes,3,0.04543,3228,48.88687,6603
138,rutvikk05,3,0.04543,3231,48.93230,6603
139,SamiShaikh6810,3,0.04543,3234,48.97774,6603
140,ShivanshCharak,3,0.04543,3237,49.02317,6603
141,swanand-gadre,3,0.04543,3240,49.06861,6603
142,ThijsBorst,3,0.04543,3243,49.11404,6603
143,uncycler,3,0.04543,3246,49.15947,6603
144,vedanshi555,3,0.04543,3249,49.20491,6603
145,victorca25,3,0.04543,3252,49.25034,6603
146,vinayak-0017,3,0.04543,3255,49.29577,6603
147,VladyslavKurmaz,3,0.04543,3258,49.34121,6603
148,yossi77,3,0.04543,3261,49.38664,6603
149,963230432,2,0.03029,3263,49.41693,6603
150,Adi9235,2,0.03029,3265,49.44722,6603
151,akshitagupta15june,2,0.03029,3267,49.47751,6603
152,alfrye,2,0.03029,3269,49.50780,6603
153,aparna2071,2,0.03029,3271,49.53809,6603
154,arnavdeshpande1,2,0.03029,3273,49.56838,6603
155,Aryan-Deshpande,2,0.03029,3275,49.59867,6603
156,avicoder,2,0.03029,3277,49.62896,6603
157,avnertzur,2,0.03029,3279,49.65925,6603
158,AvnerTzurArmo,2,0.03029,3281,49.68954,6603
159,Blue-Skyer,2,0.03029,3283,49.71982,6603
160,calvinroyston,2,0.03029,3285,49.75011,6603
161,chmod-777-shauli,2,0.03029,3287,49.78040,6603
162,Csrivastava003,2,0.03029,3289,49.81069,6603
163,dblbirdie,2,0.03029,3291,49.84098,6603
164,extensure123,2,0.03029,3293,49.87127,6603
165,ferhaty,2,0.03029,3295,49.90156,6603
166,george-obr2p,2,0.03029,3297,49.93185,6603
167,good932,2,0.03029,3299,49.96214,6603
168,Harsh3341,2,0.03029,3301,49.99243,6603
169,jadolg,2,0.03029,3303,50.02272,6603
170,JDemler,2,0.03029,3305,50.05301,6603
171,kartikgajjar7,2,0.03029,3307,50.08330,6603
172,KashishLakhara04,2,0.03029,3309,50.11358,6603
173,kushagra-gupta01,2,0.03029,3311,50.14387,6603
174,laurentiuspurba,2,0.03029,3313,50.17416,6603
175,lee-b,2,0.03029,3315,50.20445,6603
176,lftgl,2,0.03029,3317,50.23474,6603
177,mafalda-g-nunes,2,0.03029,3319,50.26503,6603
178,magikid,2,0.03029,3321,50.29532,6603
179,majjikishore007,2,0.03029,3323,50.32561,6603
180,Maniktherana,2,0.03029,3325,50.35590,6603
181,measutosh,2,0.03029,3327,50.38619,6603
182,MitAbhay,2,0.03029,3329,50.41648,6603
183,Mohammad-Palla,2,0.03029,3331,50.44677,6603
184,MuhammadNoorani,2,0.03029,3333,50.47706,6603
185,muppinesh,2,0.03029,3335,50.50735,6603
186,mustufa5689,2,0.03029,3337,50.53763,6603
187,nashetali837,2,0.03029,3339,50.56792,6603
188,pnelavalli,2,0.03029,3341,50.59821,6603
189,priyansu-nayak,2,0.03029,3343,50.62850,6603
190,rabbanimdrb,2,0.03029,3345,50.65879,6603
191,rahul3002,2,0.03029,3347,50.68908,6603
192,Rohan-Dah,2,0.03029,3349,50.71937,6603
193,sahilsuman933,2,0.03029,3351,50.74966,6603
194,Sahocan6363,2,0.03029,3353,50.77995,6603
195,spron-in,2,0.03029,3355,50.81024,6603
196,tarangverma,2,0.03029,3357,50.84053,6603
197,tim-sendible,2,0.03029,3359,50.87082,6603
198,vidbregar,2,0.03029,3361,50.90111,6603
199,withernet,2,0.03029,3363,50.93139,6603
200,zelfroster,2,0.03029,3365,50.96168,6603
201,10kumaranurag01,1,0.01514,3366,50.97683,6603
202,Adidev-KGP,1,0.01514,3367,50.99197,6603
203,airwalk-mj,1,0.01514,3368,51.00712,6603
204,amiralis,1,0.01514,3369,51.02226,6603
205,AnamuddinAhmad,1,0.01514,3370,51.03741,6603
206,anjuls,1,0.01514,3371,51.05255,6603
207,annerajb,1,0.01514,3372,51.06770,6603
208,Anthirian,1,0.01514,3373,51.08284,6603
209,atharvkarajgi,1,0.01514,3374,51.09799,6603
210,BoseSj,1,0.01514,3375,51.11313,6603
211,BretFisher,1,0.01514,3376,51.12828,6603
212,BxtGeek,1,0.01514,3377,51.14342,6603
213,cajual,1,0.01514,3378,51.15856,6603
214,charlrvd,1,0.01514,3379,51.17371,6603
215,clawsavior,1,0.01514,3380,51.18885,6603
216,CryptoGodfatherVA,1,0.01514,3381,51.20400,6603
217,Danzig207,1,0.01514,3382,51.21914,6603
218,darkweaver87,1,0.01514,3383,51.23429,6603
219,Daviddion2525,1,0.01514,3384,51.24943,6603
220,DeepakKumarKhatri,1,0.01514,3385,51.26458,6603
221,DeeptanshuDas,1,0.01514,3386,51.27972,6603
222,devarsh10,1,0.01514,3387,51.29487,6603
223,FavourDaniel,1,0.01514,3388,51.31001,6603
224,felfa01,1,0.01514,3389,51.32516,6603
225,fmtbkgiddiqq,1,0.01514,3390,51.34030,6603
226,FrittenToni,1,0.01514,3391,51.35544,6603
227,Gnana-Athityan,1,0.01514,3392,51.37059,6603
228,gromgit,1,0.01514,3393,51.38573,6603
229,HawkingRadiation42,1,0.01514,3394,51.40088,6603
230,hemantwasthere,1,0.01514,3395,51.41602,6603
231,Hyperbolic007,1,0.01514,3396,51.43117,6603
232,idan-codefresh,1,0.01514,3397,51.44631,6603
233,iks1,1,0.01514,3398,51.46146,6603
234,jadamsHCBB,1,0.01514,3399,51.47660,6603
235,james1miller93,1,0.01514,3400,51.49175,6603
236,jasbroek,1,0.01514,3401,51.50689,6603
237,jatinagwal,1,0.01514,3402,51.52204,6603
238,jeanbritz,1,0.01514,3403,51.53718,6603
239,johnnyhuy,1,0.01514,3404,51.55232,6603
240,Josseca,1,0.01514,3405,51.56747,6603
241,JustinYeoh93,1,0.01514,3406,51.58261,6603
242,krupalitrivedi,1,0.01514,3407,51.59776,6603
243,LiorHaim,1,0.01514,3408,51.61290,6603
244,lyssar,1,0.01514,3409,51.62805,6603
245,Manda-supraja26,1,0.01514,3410,51.64319,6603
246,Manish4044,1,0.01514,3411,51.65834,6603
247,marcinguy,1,0.01514,3412,51.67348,6603
248,maxnitze,1,0.01514,3413,51.68863,6603
249,merouanezouaid,1,0.01514,3414,51.70377,6603
250,mhammadsaani,1,0.01514,3415,51.71892,6603
251,mithindev,1,0.01514,3416,51.73406,6603
252,Moskovych,1,0.01514,3417,51.74920,6603
253,MrMahdi2001,1,0.01514,3418,51.76435,6603
254,Nabhag8848,1,0.01514,3419,51.77949,6603
255,navzen2000,1,0.01514,3420,51.79464,6603
256,nitishmalang,1,0.01514,3421,51.80978,6603
257,olcuhu,1,0.01514,3422,51.82493,6603
258,omkar342,1,0.01514,3423,51.84007,6603
259,operon-io,1,0.01514,3424,51.85522,6603
260,PerkinTahmaz,1,0.01514,3425,51.87036,6603
261,pettersolberg88,1,0.01514,3426,51.88551,6603
262,pmcgrath,1,0.01514,3427,51.90065,6603
263,PoojasGH,1,0.01514,3428,51.91580,6603
264,prasadpatil05,1,0.01514,3429,51.93094,6603
265,Rahmattullah13,1,0.01514,3430,51.94609,6603
266,rahulsurwade,1,0.01514,3431,51.96123,6603
267,rajeeshckr,1,0.01514,3432,51.97637,6603
268,rakkhin,1,0.01514,3433,51.99152,6603
269,Rockskull09,1,0.01514,3434,52.00666,6603
270,sakxshi,1,0.01514,3435,52.02181,6603
271,Sandeep-source,1,0.01514,3436,52.03695,6603
272,SaNsK11,1,0.01514,3437,52.05210,6603
273,Saptaktdk,1,0.01514,3438,52.06724,6603
274,sharan8311,1,0.01514,3439,52.08239,6603
275,shashankdaima,1,0.01514,3440,52.09753,6603
276,shifulbd,1,0.01514,3441,52.11268,6603
277,shivam-sharma7,1,0.01514,3442,52.12782,6603
278,shivanii1702,1,0.01514,3443,52.14297,6603
279,Shivaniiiiiiiiiii,1,0.01514,3444,52.15811,6603
280,shubhzhs,1,0.01514,3445,52.17325,6603
281,siddhikhapare,1,0.01514,3446,52.18840,6603
282,siva143sp,1,0.01514,3447,52.20354,6603
283,spy-1234,1,0.01514,3448,52.21869,6603
284,Srinika99,1,0.01514,3449,52.23383,6603
285,Talha-Here,1,0.01514,3450,52.24898,6603
286,TheSuperSid777,1,0.01514,3451,52.26412,6603
287,TheSwordBreaker,1,0.01514,3452,52.27927,6603
288,thisiskaransgit,1,0.01514,3453,52.29441,6603
289,Tushar255,1,0.01514,3454,52.30956,6603
290,vidhanio,1,0.01514,3455,52.32470,6603
291,WillemMe,1,0.01514,3456,52.33985,6603
292,Willena,1,0.01514,3457,52.35499,6603
293,xawdxawdx,1,0.01514,3458,52.37013,6603
294,xxradar,1,0.01514,3459,52.38528,6603
295,YashRajSingh-4799,1,0.01514,3460,52.40042,6603
