rank_number,actor,contributions,percent,cumulative_sum,cumulative_percent,all_contributions
1,jandubois,1936,27.07314,1936,27.07314,7151
2,abiosoft,56,0.78311,1992,27.85624,7151
3,alisson276,37,0.51741,2029,28.37365,7151
4,byepolr,26,0.36359,2055,28.73724,7151
5,chrisperelstein,24,0.33562,2079,29.07286,7151
6,reishoku,23,0.32163,2102,29.39449,7151
7,wey-gu,22,0.30765,2124,29.70214,7151
8,loganprice,20,0.27968,2144,29.98182,7151
9,satmandu,20,0.27968,2164,30.26150,7151
10,yangyang198703,17,0.23773,2181,30.49923,7151
11,willcohen,16,0.22374,2197,30.72298,7151
12,unixorn,15,0.20976,2212,30.93274,7151
13,dee-kryvenko,14,0.19578,2226,31.12851,7151
14,LATBauerdick,14,0.19578,2240,31.32429,7151
15,leifliddy,14,0.19578,2254,31.52007,7151
16,faceair,13,0.18179,2267,31.70186,7151
17,mikluko,13,0.18179,2280,31.88365,7151
18,florianbegusch,12,0.16781,2292,32.05146,7151
19,gayanper,11,0.15382,2303,32.20529,7151
20,matejsp,11,0.15382,2314,32.35911,7151
21,tweltz,11,0.15382,2325,32.51294,7151
22,20100074,10,0.13984,2335,32.65278,7151
23,iamleot,10,0.13984,2345,32.79262,7151
24,mcginty,10,0.13984,2355,32.93246,7151
25,mprimeaux,10,0.13984,2365,33.07230,7151
26,efx,9,0.12586,2374,33.19815,7151
27,jordemort,9,0.12586,2383,33.32401,7151
28,linxs953,9,0.12586,2392,33.44987,7151
29,mateka,9,0.12586,2401,33.57572,7151
30,buu700,8,0.11187,2409,33.68760,7151
31,davebarkerxyz,8,0.11187,2417,33.79947,7151
32,deviantintegral,8,0.11187,2425,33.91134,7151
33,jjonesskytap,8,0.11187,2433,34.02321,7151
34,replicajune,8,0.11187,2441,34.13509,7151
35,richtong,8,0.11187,2449,34.24696,7151
36,jeffguorg,7,0.09789,2456,34.34485,7151
37,pretendent0,7,0.09789,2463,34.44274,7151
38,Regrau,7,0.09789,2470,34.54062,7151
39,ryanfb,7,0.09789,2477,34.63851,7151
40,solarkraft,7,0.09789,2484,34.73640,7151
41,xqzhou,7,0.09789,2491,34.83429,7151
42,alephman,6,0.08390,2497,34.91819,7151
43,bcollard,6,0.08390,2503,35.00210,7151
44,brorbw,6,0.08390,2509,35.08600,7151
45,deepak-katiyar,6,0.08390,2515,35.16991,7151
46,gigatexal,6,0.08390,2521,35.25381,7151
47,jsiebens,6,0.08390,2527,35.33772,7151
48,Magniquick,6,0.08390,2533,35.42162,7151
49,tugtugtug,6,0.08390,2539,35.50552,7151
50,anschnapp,5,0.06992,2544,35.57544,7151
51,balajiv113,5,0.06992,2549,35.64536,7151
52,bugaevc,5,0.06992,2554,35.71528,7151
53,DestroyerXyz,5,0.06992,2559,35.78520,7151
54,dirien,5,0.06992,2564,35.85513,7151
55,euforic,5,0.06992,2569,35.92505,7151
56,fakiyer,5,0.06992,2574,35.99497,7151
57,fingon,5,0.06992,2579,36.06489,7151
58,heywoodlh,5,0.06992,2584,36.13481,7151
59,iboonox,5,0.06992,2589,36.20473,7151
60,JJK96,5,0.06992,2594,36.27465,7151
61,LionsAd,5,0.06992,2599,36.34457,7151
62,tewarid,5,0.06992,2604,36.41449,7151
63,utam0k,5,0.06992,2609,36.48441,7151
64,ankit-sa,4,0.05594,2613,36.54034,7151
65,carletes,4,0.05594,2617,36.59628,7151
66,cedws,4,0.05594,2621,36.65222,7151
67,ddl-mmercer,4,0.05594,2625,36.70815,7151
68,dev-zero,4,0.05594,2629,36.76409,7151
69,enihsyou,4,0.05594,2633,36.82003,7151
70,gautam-dev-maker,4,0.05594,2637,36.87596,7151
71,Kitanotori,4,0.05594,2641,36.93190,7151
72,maracko,4,0.05594,2645,36.98783,7151
73,marcobazzani,4,0.05594,2649,37.04377,7151
74,network-shark,4,0.05594,2653,37.09971,7151
75,nl6720,4,0.05594,2657,37.15564,7151
76,noahgaertner,4,0.05594,2661,37.21158,7151
77,phuna,4,0.05594,2665,37.26752,7151
78,ronnin,4,0.05594,2669,37.32345,7151
79,sporynin,4,0.05594,2673,37.37939,7151
80,tdaniely-dn,4,0.05594,2677,37.43532,7151
81,tpoindex,4,0.05594,2681,37.49126,7151
82,viticis,4,0.05594,2685,37.54720,7151
83,xfoxfu,4,0.05594,2689,37.60313,7151
84,yuchanns,4,0.05594,2693,37.65907,7151
85,0dragosh,3,0.04195,2696,37.70102,7151
86,aleskovets,3,0.04195,2699,37.74297,7151
87,arixmkii,3,0.04195,2702,37.78493,7151
88,asdfghjkl403622,3,0.04195,2705,37.82688,7151
89,bdekany,3,0.04195,2708,37.86883,7151
90,ben-krieger,3,0.04195,2711,37.91078,7151
91,bpinto,3,0.04195,2714,37.95273,7151
92,cfstras,3,0.04195,2717,37.99469,7151
93,demaere-oiie,3,0.04195,2720,38.03664,7151
94,douglassix-dkt,3,0.04195,2723,38.07859,7151
95,dsharp-pivotal,3,0.04195,2726,38.12054,7151
96,EslamElHusseiny,3,0.04195,2729,38.16249,7151
97,fredldotme,3,0.04195,2732,38.20445,7151
98,haze,3,0.04195,2735,38.24640,7151
99,ianschmitz,3,0.04195,2738,38.28835,7151
100,jrmuizel,3,0.04195,2741,38.33030,7151
101,k-nasa,3,0.04195,2744,38.37226,7151
102,mabam,3,0.04195,2747,38.41421,7151
103,mirza-ali-ctct,3,0.04195,2750,38.45616,7151
104,mmornati,3,0.04195,2753,38.49811,7151
105,olegTarassov,3,0.04195,2756,38.54006,7151
106,patryk4815,3,0.04195,2759,38.58202,7151
107,ph-l,3,0.04195,2762,38.62397,7151
108,PKizzle,3,0.04195,2765,38.66592,7151
109,sergelogvinov,3,0.04195,2768,38.70787,7151
110,THE-NAMELESS-SPECTRE,3,0.04195,2771,38.74983,7151
111,tigris,3,0.04195,2774,38.79178,7151
112,troyready,3,0.04195,2777,38.83373,7151
113,VitoVan,3,0.04195,2780,38.87568,7151
114,yunlongwen,3,0.04195,2783,38.91763,7151
115,zinking,3,0.04195,2786,38.95959,7151
116,a-h,2,0.02797,2788,38.98755,7151
117,ain,2,0.02797,2790,39.01552,7151
118,Alexhuszagh,2,0.02797,2792,39.04349,7151
119,aluedeke,2,0.02797,2794,39.07146,7151
120,azhouwd,2,0.02797,2796,39.09943,7151
121,carlocab,2,0.02797,2798,39.12739,7151
122,chent11,2,0.02797,2800,39.15536,7151
123,chrisdostert,2,0.02797,2802,39.18333,7151
124,csh0101,2,0.02797,2804,39.21130,7151
125,DemonJun,2,0.02797,2806,39.23927,7151
126,dryaf,2,0.02797,2808,39.26724,7151
127,flyinprogrammer,2,0.02797,2810,39.29520,7151
128,fungbo,2,0.02797,2812,39.32317,7151
129,fuzmish,2,0.02797,2814,39.35114,7151
130,geoman2,2,0.02797,2816,39.37911,7151
131,HappyTobi,2,0.02797,2818,39.40708,7151
132,icyleaf,2,0.02797,2820,39.43504,7151
133,jammy-d,2,0.02797,2822,39.46301,7151
134,jbreiding,2,0.02797,2824,39.49098,7151
135,jorgeamadosoria,2,0.02797,2826,39.51895,7151
136,jwhb,2,0.02797,2828,39.54692,7151
137,kaskavalci,2,0.02797,2830,39.57488,7151
138,kigawas,2,0.02797,2832,39.60285,7151
139,kiranchavala,2,0.02797,2834,39.63082,7151
140,Kyoganandareddy,2,0.02797,2836,39.65879,7151
141,matteosilv,2,0.02797,2838,39.68676,7151
142,michaelferwer,2,0.02797,2840,39.71473,7151
143,mkopinsky,2,0.02797,2842,39.74269,7151
144,mmhealey1,2,0.02797,2844,39.77066,7151
145,nakamuloud,2,0.02797,2846,39.79863,7151
146,Nemo64,2,0.02797,2848,39.82660,7151
147,Nipsuli,2,0.02797,2850,39.85457,7151
148,ocadaruma,2,0.02797,2852,39.88253,7151
149,ornew,2,0.02797,2854,39.91050,7151
150,oxycoder,2,0.02797,2856,39.93847,7151
151,protosam,2,0.02797,2858,39.96644,7151
152,rdgacarvalho,2,0.02797,2860,39.99441,7151
153,sainnhe,2,0.02797,2862,40.02237,7151
154,simjnd,2,0.02797,2864,40.05034,7151
155,ssmadhu,2,0.02797,2866,40.07831,7151
156,stealthyV1per,2,0.02797,2868,40.10628,7151
157,stvgz,2,0.02797,2870,40.13425,7151
158,xonstone,2,0.02797,2872,40.16222,7151
159,YousufSSyed,2,0.02797,2874,40.19018,7151
160,ysicing,2,0.02797,2876,40.21815,7151
161,yumauri,2,0.02797,2878,40.24612,7151
162,0x3333,1,0.01398,2879,40.26010,7151
163,adamcstephens,1,0.01398,2880,40.27409,7151
164,adarobin,1,0.01398,2881,40.28807,7151
165,adonishong,1,0.01398,2882,40.30206,7151
166,aiven-amartin,1,0.01398,2883,40.31604,7151
167,ajaya,1,0.01398,2884,40.33002,7151
168,alexlau811,1,0.01398,2885,40.34401,7151
169,anjannath,1,0.01398,2886,40.35799,7151
170,arayariquelmes,1,0.01398,2887,40.37198,7151
171,artem-karpenko-bolt,1,0.01398,2888,40.38596,7151
172,authurlin168,1,0.01398,2889,40.39994,7151
173,bguyza,1,0.01398,2890,40.41393,7151
174,Bladrak,1,0.01398,2891,40.42791,7151
175,brambaud,1,0.01398,2892,40.44190,7151
176,Cactusinhand,1,0.01398,2893,40.45588,7151
177,CaelumF,1,0.01398,2894,40.46986,7151
178,centur,1,0.01398,2895,40.48385,7151
179,chenxiaoqino,1,0.01398,2896,40.49783,7151
180,claughinghouse,1,0.01398,2897,40.51182,7151
181,ColCh,1,0.01398,2898,40.52580,7151
182,commitay,1,0.01398,2899,40.53978,7151
183,crowjdh,1,0.01398,2900,40.55377,7151
184,cwash,1,0.01398,2901,40.56775,7151
185,danieldonoghue,1,0.01398,2902,40.58174,7151
186,dirkdev98,1,0.01398,2903,40.59572,7151
187,djhardrich,1,0.01398,2904,40.60970,7151
188,dlv-5ubbu,1,0.01398,2905,40.62369,7151
189,dmahurin,1,0.01398,2906,40.63767,7151
190,dmnlk,1,0.01398,2907,40.65166,7151
191,dpacesa,1,0.01398,2908,40.66564,7151
192,DrPsychick,1,0.01398,2909,40.67963,7151
193,echupriyanov,1,0.01398,2910,40.69361,7151
194,elixir67,1,0.01398,2911,40.70759,7151
195,emilte,1,0.01398,2912,40.72158,7151
196,fantasywind,1,0.01398,2913,40.73556,7151
197,fire-ant,1,0.01398,2914,40.74955,7151
198,gaganyadav80,1,0.01398,2915,40.76353,7151
199,geowa4,1,0.01398,2916,40.77751,7151
200,giorgio-paoloni,1,0.01398,2917,40.79150,7151
201,gtch,1,0.01398,2918,40.80548,7151
202,hftsai256,1,0.01398,2919,40.81947,7151
203,HknLof,1,0.01398,2920,40.83345,7151
204,huysal,1,0.01398,2921,40.84743,7151
205,huyz,1,0.01398,2922,40.86142,7151
206,iilyak,1,0.01398,2923,40.87540,7151
207,ilya1st,1,0.01398,2924,40.88939,7151
208,iongion,1,0.01398,2925,40.90337,7151
209,jcw-,1,0.01398,2926,40.91735,7151
210,jhay06,1,0.01398,2927,40.93134,7151
211,jjeising,1,0.01398,2928,40.94532,7151
212,Jud,1,0.01398,2929,40.95931,7151
213,jviney,1,0.01398,2930,40.97329,7151
214,karlvr,1,0.01398,2931,40.98727,7151
215,Kit-Ok,1,0.01398,2932,41.00126,7151
216,klement,1,0.01398,2933,41.01524,7151
217,kmhagan,1,0.01398,2934,41.02923,7151
218,ko185061,1,0.01398,2935,41.04321,7151
219,ksalman,1,0.01398,2936,41.05719,7151
220,kwlockwo,1,0.01398,2937,41.07118,7151
221,leorochael,1,0.01398,2938,41.08516,7151
222,markus-geiger,1,0.01398,2939,41.09915,7151
223,max-wittig,1,0.01398,2940,41.11313,7151
224,m-housh,1,0.01398,2941,41.12712,7151
225,michaelctd,1,0.01398,2942,41.14110,7151
226,mihalis68,1,0.01398,2943,41.15508,7151
227,Miro0o,1,0.01398,2944,41.16907,7151
228,MlsDmitry,1,0.01398,2945,41.18305,7151
229,motecshine,1,0.01398,2946,41.19704,7151
230,naomiaro,1,0.01398,2947,41.21102,7151
231,nbari,1,0.01398,2948,41.22500,7151
232,nebiros,1,0.01398,2949,41.23899,7151
233,nfam,1,0.01398,2950,41.25297,7151
234,ngetahun-aclu,1,0.01398,2951,41.26696,7151
235,noobgramming,1,0.01398,2952,41.28094,7151
236,oo00spy00oo,1,0.01398,2953,41.29492,7151
237,or-israeli,1,0.01398,2954,41.30891,7151
238,panuhorsmalahti,1,0.01398,2955,41.32289,7151
239,pboushy,1,0.01398,2956,41.33688,7151
240,Phlogi,1,0.01398,2957,41.35086,7151
241,phracek,1,0.01398,2958,41.36484,7151
242,pixeldrew,1,0.01398,2959,41.37883,7151
243,pwillis-eiq,1,0.01398,2960,41.39281,7151
244,reneoelke,1,0.01398,2961,41.40680,7151
245,restagner,1,0.01398,2962,41.42078,7151
246,ripun,1,0.01398,2963,41.43476,7151
247,rjcortese,1,0.01398,2964,41.44875,7151
248,rupesh-papneja,1,0.01398,2965,41.46273,7151
249,Saeger,1,0.01398,2966,41.47672,7151
250,sdadh01,1,0.01398,2967,41.49070,7151
251,shyam334,1,0.01398,2968,41.50468,7151
252,sildvauresberg,1,0.01398,2969,41.51867,7151
253,sontixyou,1,0.01398,2970,41.53265,7151
254,stardemo,1,0.01398,2971,41.54664,7151
255,StiviiK,1,0.01398,2972,41.56062,7151
256,swalkinshaw,1,0.01398,2973,41.57460,7151
257,Tarik02,1,0.01398,2974,41.58859,7151
258,tmewett,1,0.01398,2975,41.60257,7151
259,totallyGreg,1,0.01398,2976,41.61656,7151
260,vessux,1,0.01398,2977,41.63054,7151
261,vorti2,1,0.01398,2978,41.64453,7151
262,werediver,1,0.01398,2979,41.65851,7151
263,XanderXAJ,1,0.01398,2980,41.67249,7151
264,xenoscopic,1,0.01398,2981,41.68648,7151
265,yevon,1,0.01398,2982,41.70046,7151
266,zackwy,1,0.01398,2983,41.71445,7151
