rank_number,actor,contributions,percent,cumulative_sum,cumulative_percent,all_contributions
1,priteshbandi,1165,3.80495,1165,3.80495,30618
2,patrickzheng200,1099,3.58939,2264,7.39434,30618
3,JeyJeyGao,995,3.24972,3259,10.64407,30618
4,gokarnm,962,3.14194,4221,13.78601,30618
5,binbin-li,529,1.72774,4750,15.51375,30618
6,rgnote,521,1.70161,5271,17.21536,30618
7,chloeyin,440,1.43706,5711,18.65243,30618
8,iamsamirzon,349,1.13985,6060,19.79228,30618
9,qmuntal,276,0.90143,6336,20.69371,30618
10,NiazFK,106,0.34620,6442,21.03991,30618
11,vaninrao10,62,0.20250,6504,21.24241,30618
12,cyc115,61,0.19923,6565,21.44164,30618
14,jondonas,50,0.16330,6675,21.80090,30618
15,dnwake,44,0.14371,6719,21.94461,30618
16,roywill,42,0.13717,6761,22.08178,30618
17,innocentme1,39,0.12738,6800,22.20916,30618
18,rchincha,37,0.12084,6837,22.33000,30618
19,bshaaban,36,0.11758,6873,22.44758,30618
20,jonnystoten,36,0.11758,6909,22.56516,30618
21,rhonnava,35,0.11431,6944,22.67947,30618
22,aviral26,33,0.10778,6977,22.78725,30618
23,lewiada,28,0.09145,7005,22.87870,30618
24,dbilling,25,0.08165,7030,22.96035,30618
25,papimuerte,25,0.08165,7055,23.04200,30618
26,dubo-dubon-duponey,24,0.07839,7079,23.12039,30618
27,mkonakan,20,0.06532,7099,23.18571,30618
28,sabada,20,0.06532,7119,23.25103,30618
29,qweeah,19,0.06206,7138,23.31308,30618
30,chunglam1999,16,0.05226,7154,23.36534,30618
31,abhi-dwivedi,15,0.04899,7169,23.41433,30618
32,hridyeshpant,15,0.04899,7184,23.46332,30618
33,IAL32,15,0.04899,7199,23.51231,30618
34,reddymahendra52,15,0.04899,7214,23.56130,30618
35,terencet-dev,15,0.04899,7229,23.61029,30618
36,briankr-ms,14,0.04572,7243,23.65602,30618
37,corburn,14,0.04572,7257,23.70174,30618
38,brandongohwh,13,0.04246,7270,23.74420,30618
39,gmaurelia,12,0.03919,7282,23.78340,30618
40,junczhuMSFT,11,0.03593,7293,23.81932,30618
41,KellerFuchs,11,0.03593,7304,23.85525,30618
42,jhdalek55,10,0.03266,7314,23.88791,30618
43,jondkent,10,0.03266,7324,23.92057,30618
44,bj1074,9,0.02939,7333,23.94996,30618
45,crazy-max,9,0.02939,7342,23.97936,30618
46,drauch,9,0.02939,7351,24.00875,30618
47,gsexton,9,0.02939,7360,24.03815,30618
48,jschintag,9,0.02939,7369,24.06754,30618
49,leeadh,9,0.02939,7378,24.09694,30618
50,LionHeart7735,9,0.02939,7387,24.12633,30618
51,OR13,9,0.02939,7396,24.15573,30618
52,sethbergman,9,0.02939,7405,24.18512,30618
53,shiva022,9,0.02939,7414,24.21451,30618
54,thomas-fossati,9,0.02939,7423,24.24391,30618
55,aurcioli-handy,8,0.02613,7431,24.27004,30618
56,krockpot,8,0.02613,7439,24.29617,30618
57,srfraser,8,0.02613,7447,24.32229,30618
58,unullmass,8,0.02613,7455,24.34842,30618
59,useidel,8,0.02613,7463,24.37455,30618
60,directionless,7,0.02286,7470,24.39741,30618
61,jverger,7,0.02286,7477,24.42028,30618
62,rusirenye,7,0.02286,7484,24.44314,30618
63,aboettger-tuhh,6,0.01960,7490,24.46273,30618
64,a-dma,6,0.01960,7496,24.48233,30618
65,anekar10,6,0.01960,7502,24.50193,30618
66,artsf,6,0.01960,7508,24.52152,30618
67,JimGalasyn,6,0.01960,7514,24.54112,30618
68,m4masood,6,0.01960,7520,24.56072,30618
69,sjhx,6,0.01960,7526,24.58031,30618
70,akamalov,5,0.01633,7531,24.59664,30618
71,Anvil,5,0.01633,7536,24.61297,30618
72,ashishjain14,5,0.01633,7541,24.62930,30618
73,gtaban,5,0.01633,7546,24.64563,30618
74,jesseendahl,5,0.01633,7551,24.66196,30618
75,jimfl,5,0.01633,7556,24.67829,30618
76,ralgozino,5,0.01633,7561,24.69462,30618
77,seb-bah,5,0.01633,7566,24.71095,30618
78,williamdes,5,0.01633,7571,24.72728,30618
79,zyitingftnt,5,0.01633,7576,24.74361,30618
80,aabashkin,4,0.01306,7580,24.75668,30618
81,ac-obair,4,0.01306,7584,24.76974,30618
82,BryceDFisher,4,0.01306,7588,24.78281,30618
83,cihatyildiz,4,0.01306,7592,24.79587,30618
84,DanBarychev,4,0.01306,7596,24.80894,30618
85,glyph,4,0.01306,7600,24.82200,30618
86,iamktm,4,0.01306,7604,24.83506,30618
87,ianjmcm,4,0.01306,7608,24.84813,30618
88,jsoler,4,0.01306,7612,24.86119,30618
89,lveljovic,4,0.01306,7616,24.87426,30618
90,sarya0113,4,0.01306,7620,24.88732,30618
91,timgp,4,0.01306,7624,24.90039,30618
92,0x13a,3,0.00980,7627,24.91018,30618
93,0x9060,3,0.00980,7630,24.91998,30618
94,1235467Ad,3,0.00980,7633,24.92978,30618
95,adomenech73,3,0.00980,7636,24.93958,30618
96,bbdtsof,3,0.00980,7639,24.94938,30618
97,BillMills,3,0.00980,7642,24.95917,30618
98,cloud-egl,3,0.00980,7645,24.96897,30618
99,CodingSpiderFox,3,0.00980,7648,24.97877,30618
100,csqshz,3,0.00980,7651,24.98857,30618
101,djs55,3,0.00980,7654,24.99837,30618
102,Duffney,3,0.00980,7657,25.00817,30618
103,flsou-e,3,0.00980,7660,25.01796,30618
104,JensVD,3,0.00980,7663,25.02776,30618
105,jnbptstm,3,0.00980,7666,25.03756,30618
106,mmasooddatascience,3,0.00980,7669,25.04736,30618
107,nicolas-mosch,3,0.00980,7672,25.05716,30618
108,nim-nim,3,0.00980,7675,25.06695,30618
109,omieomye,3,0.00980,7678,25.07675,30618
110,paavan98pm,3,0.00980,7681,25.08655,30618
111,peconi,3,0.00980,7684,25.09635,30618
112,perezjasonr,3,0.00980,7687,25.10615,30618
113,pgkelley4,3,0.00980,7690,25.11594,30618
114,shouze,3,0.00980,7693,25.12574,30618
115,symgryph,3,0.00980,7696,25.13554,30618
116,vikash2310,3,0.00980,7699,25.14534,30618
117,xinity,3,0.00980,7702,25.15514,30618
118,ahmed-bacha,2,0.00653,7704,25.16167,30618
119,ali-yousuf-10p,2,0.00653,7706,25.16820,30618
120,alyyousuf7,2,0.00653,7708,25.17473,30618
121,AnushaSunkada,2,0.00653,7710,25.18127,30618
122,ase-101,2,0.00653,7712,25.18780,30618
123,bburky,2,0.00653,7714,25.19433,30618
124,cavelo-brendanreekie,2,0.00653,7716,25.20086,30618
125,choman,2,0.00653,7718,25.20739,30618
126,dafyll,2,0.00653,7720,25.21393,30618
127,DanielOstovary,2,0.00653,7722,25.22046,30618
128,dvyas,2,0.00653,7724,25.22699,30618
129,garantir-km,2,0.00653,7726,25.23352,30618
130,jfbette,2,0.00653,7728,25.24005,30618
131,kylewuolle,2,0.00653,7730,25.24659,30618
132,lahirurd,2,0.00653,7732,25.25312,30618
133,mhalano,2,0.00653,7734,25.25965,30618
134,MohamedTalhaoui,2,0.00653,7736,25.26618,30618
135,mstanleyjones,2,0.00653,7738,25.27272,30618
136,naman,2,0.00653,7740,25.27925,30618
137,nelson-wu,2,0.00653,7742,25.28578,30618
138,noeljackson,2,0.00653,7744,25.29231,30618
139,nullterminated,2,0.00653,7746,25.29884,30618
140,ravitejb,2,0.00653,7748,25.30538,30618
141,Riszin,2,0.00653,7750,25.31191,30618
142,rubenmachuca,2,0.00653,7752,25.31844,30618
143,rubroboletus,2,0.00653,7754,25.32497,30618
144,Rupini93,2,0.00653,7756,25.33150,30618
145,samoht,2,0.00653,7758,25.33804,30618
146,sbkumar007,2,0.00653,7760,25.34457,30618
147,shoryagoel,2,0.00653,7762,25.35110,30618
148,SimonXming,2,0.00653,7764,25.35763,30618
149,smiller171,2,0.00653,7766,25.36416,30618
150,ThetaSinner,2,0.00653,7768,25.37070,30618
151,vklindukh,2,0.00653,7770,25.37723,30618
152,xiemaisi,2,0.00653,7772,25.38376,30618
153,yokomizor,2,0.00653,7774,25.39029,30618
154,zwass,2,0.00653,7776,25.39683,30618
155,zyyw,2,0.00653,7778,25.40336,30618
156,1moere1,1,0.00327,7779,25.40662,30618
157,achandak123,1,0.00327,7780,25.40989,30618
158,adrianblakey,1,0.00327,7781,25.41316,30618
159,ali-panahi,1,0.00327,7782,25.41642,30618
160,ambakshi,1,0.00327,7783,25.41969,30618
161,Amojow,1,0.00327,7784,25.42295,30618
162,ananth07reddy,1,0.00327,7785,25.42622,30618
163,ankitsrao,1,0.00327,7786,25.42949,30618
164,anweiss,1,0.00327,7787,25.43275,30618
165,arsing,1,0.00327,7788,25.43602,30618
166,BertieW,1,0.00327,7789,25.43928,30618
167,bgrissin,1,0.00327,7790,25.44255,30618
168,brolandz,1,0.00327,7791,25.44582,30618
169,brutuscat,1,0.00327,7792,25.44908,30618
170,BurtHarris,1,0.00327,7793,25.45235,30618
171,chaospuppy,1,0.00327,7794,25.45561,30618
172,chdebnat,1,0.00327,7795,25.45888,30618
173,chengjinshengtaichanyejituan,1,0.00327,7796,25.46215,30618
174,chunyenlin,1,0.00327,7797,25.46541,30618
175,cpaelzer,1,0.00327,7798,25.46868,30618
176,d4l-adrian-castro,1,0.00327,7799,25.47194,30618
177,deepthiseshabattar,1,0.00327,7800,25.47521,30618
178,DiuDiugirl,1,0.00327,7801,25.47848,30618
179,ebarg666,1,0.00327,7802,25.48174,30618
180,edehde,1,0.00327,7803,25.48501,30618
181,ernado,1,0.00327,7804,25.48827,30618
182,etrexel,1,0.00327,7805,25.49154,30618
183,F-Joachim,1,0.00327,7806,25.49481,30618
184,fmozingo,1,0.00327,7807,25.49807,30618
185,gal-legit,1,0.00327,7808,25.50134,30618
186,garantir,1,0.00327,7809,25.50461,30618
187,Govinda-Fichtner,1,0.00327,7810,25.50787,30618
188,h20220025,1,0.00327,7811,25.51114,30618
189,hdonnay,1,0.00327,7812,25.51440,30618
190,Hemkec,1,0.00327,7813,25.51767,30618
191,honeybadger10,1,0.00327,7814,25.52094,30618
192,ig0rsky,1,0.00327,7815,25.52420,30618
193,Igelchen1,1,0.00327,7816,25.52747,30618
194,imand3r,1,0.00327,7817,25.53073,30618
195,imashish-in,1,0.00327,7818,25.53400,30618
196,ioannisgk,1,0.00327,7819,25.53727,30618
197,Isakofff,1,0.00327,7820,25.54053,30618
198,jamesonhyde-docker,1,0.00327,7821,25.54380,30618
199,jayjhan8,1,0.00327,7822,25.54706,30618
200,jesstm,1,0.00327,7823,25.55033,30618
201,JimmySimard,1,0.00327,7824,25.55360,30618
202,Jmarqua1,1,0.00327,7825,25.55686,30618
203,joewarrenmeeks,1,0.00327,7826,25.56013,30618
204,jraffin,1,0.00327,7827,25.56339,30618
205,khba,1,0.00327,7828,25.56666,30618
206,kkovachev,1,0.00327,7829,25.56993,30618
207,kkroo,1,0.00327,7830,25.57319,30618
208,kolly83,1,0.00327,7831,25.57646,30618
209,konstest,1,0.00327,7832,25.57972,30618
210,kumar-shantanu,1,0.00327,7833,25.58299,30618
211,lewisdiamond,1,0.00327,7834,25.58626,30618
212,maevyn11,1,0.00327,7835,25.58952,30618
213,mark-pictor-csec,1,0.00327,7836,25.59279,30618
214,michaKFromParis,1,0.00327,7837,25.59605,30618
215,michnia,1,0.00327,7838,25.59932,30618
216,mickye555,1,0.00327,7839,25.60259,30618
217,mmalone,1,0.00327,7840,25.60585,30618
218,Monishguru,1,0.00327,7841,25.60912,30618
219,monwolf,1,0.00327,7842,25.61238,30618
220,mrangta,1,0.00327,7843,25.61565,30618
221,mrled,1,0.00327,7844,25.61892,30618
222,neothemachine,1,0.00327,7845,25.62218,30618
223,nicolasStevenin,1,0.00327,7846,25.62545,30618
224,NightTsarina,1,0.00327,7847,25.62872,30618
225,noderunner,1,0.00327,7848,25.63198,30618
226,noelbundick-msft,1,0.00327,7849,25.63525,30618
227,obhabib,1,0.00327,7850,25.63851,30618
228,OluOwolabi,1,0.00327,7851,25.64178,30618
229,omauger,1,0.00327,7852,25.64505,30618
230,ouyuran,1,0.00327,7853,25.64831,30618
231,PayalC,1,0.00327,7854,25.65158,30618
232,phbelitz,1,0.00327,7855,25.65484,30618
233,phiroict,1,0.00327,7856,25.65811,30618
234,piyush94,1,0.00327,7857,25.66138,30618
235,praveensudt,1,0.00327,7858,25.66464,30618
236,rcabishek9114,1,0.00327,7859,25.66791,30618
237,ReidWeb,1,0.00327,7860,25.67117,30618
238,renjithkm86,1,0.00327,7861,25.67444,30618
239,RickMitterer,1,0.00327,7862,25.67771,30618
240,rijosimon,1,0.00327,7863,25.68097,30618
241,rizzaricreative,1,0.00327,7864,25.68424,30618
242,rroques,1,0.00327,7865,25.68750,30618
243,samngms,1,0.00327,7866,25.69077,30618
244,sebumd,1,0.00327,7867,25.69404,30618
245,shen3lu4,1,0.00327,7868,25.69730,30618
246,ShreyaGoel08,1,0.00327,7869,25.70057,30618
247,Simkiw,1,0.00327,7870,25.70383,30618
248,Siva-pixel669,1,0.00327,7871,25.70710,30618
249,sohailanjum97,1,0.00327,7872,25.71037,30618
250,solnet-phiro,1,0.00327,7873,25.71363,30618
251,somethingnew2-0,1,0.00327,7874,25.71690,30618
252,songlinjian,1,0.00327,7875,25.72016,30618
253,SpitNight,1,0.00327,7876,25.72343,30618
254,s-rohil,1,0.00327,7877,25.72670,30618
255,subrnath,1,0.00327,7878,25.72996,30618
256,susanshi,1,0.00327,7879,25.73323,30618
257,taha-au,1,0.00327,7880,25.73649,30618
258,tech-novic,1,0.00327,7881,25.73976,30618
259,the4rchangel,1,0.00327,7882,25.74303,30618
260,thisisnitinb,1,0.00327,7883,25.74629,30618
261,ugurengin,1,0.00327,7884,25.74956,30618
262,umeshauv,1,0.00327,7885,25.75283,30618
263,uttamanand,1,0.00327,7886,25.75609,30618
264,utzb,1,0.00327,7887,25.75936,30618
265,vamsidvk09,1,0.00327,7888,25.76262,30618
266,vishweshwarp,1,0.00327,7889,25.76589,30618
267,YanezDeGomeyra,1,0.00327,7890,25.76916,30618
268,zbeekman,1,0.00327,7891,25.77242,30618
