rank_number,actor,contributions,percent,cumulative_sum,cumulative_percent,all_contributions
1,kakaZhou719,967,12.48064,967,12.48064,7748
2,bxy4543,936,12.08054,1903,24.56118,7748
3,justadogistaken,507,6.54362,2410,31.10480,7748
4,Stevent-fei,186,2.40062,2596,33.50542,7748
5,shy-Xu,149,1.92308,2745,35.42850,7748
6,lllwan,133,1.71657,2878,37.14507,7748
7,clcc2019,81,1.04543,2959,38.19050,7748
8,CLAassistant,67,0.86474,3026,39.05524,7748
9,touchuyht,59,0.76149,3085,39.81673,7748
10,DawnGuoDev,30,0.38720,3115,40.20392,7748
11,mahmut-Abi,29,0.37429,3144,40.57821,7748
12,sfeng1996,28,0.36138,3172,40.93960,7748
13,ByboyCn,27,0.34848,3199,41.28807,7748
14,ly-wjj,27,0.34848,3226,41.63655,7748
15,chaunceyjiang,26,0.33557,3252,41.97212,7748
16,zsyaoo,22,0.28394,3274,42.25607,7748
17,neo502721,21,0.27104,3295,42.52710,7748
18,wuxingzhong,21,0.27104,3316,42.79814,7748
19,wangkun-king,20,0.25813,3336,43.05627,7748
20,yj-cloud,20,0.25813,3356,43.31440,7748
21,jinnzy,18,0.23232,3374,43.54672,7748
22,bxvs888,17,0.21941,3391,43.76613,7748
23,charnet1019,17,0.21941,3408,43.98554,7748
24,myxxhui,16,0.20650,3424,44.19205,7748
25,x-shadow-man,15,0.19360,3439,44.38565,7748
26,bryant-rh,14,0.18069,3453,44.56634,7748
27,carlos-lee,14,0.18069,3467,44.74703,7748
28,agreewangshuai,13,0.16779,3480,44.91482,7748
29,hhstu,13,0.16779,3493,45.08260,7748
30,VinceCui,13,0.16779,3506,45.25039,7748
31,Xsy2002,13,0.16779,3519,45.41817,7748
32,liutao841204,12,0.15488,3531,45.57305,7748
33,nan1994,12,0.15488,3543,45.72793,7748
34,tea403,12,0.15488,3555,45.88281,7748
35,tingxuan233,12,0.15488,3567,46.03769,7748
36,berlinsaint,11,0.14197,3578,46.17966,7748
37,ysicing,11,0.14197,3589,46.32163,7748
38,formy99,10,0.12907,3599,46.45070,7748
39,katepangLiu,10,0.12907,3609,46.57976,7748
40,laotoutou,10,0.12907,3619,46.70883,7748
41,neverCase,10,0.12907,3629,46.83789,7748
42,46797536,9,0.11616,3638,46.95405,7748
43,hellomyboy,9,0.11616,3647,47.07021,7748
44,Encounter77,8,0.10325,3655,47.17346,7748
45,yangras,8,0.10325,3663,47.27672,7748
46,24king,7,0.09035,3670,47.36706,7748
47,erdun,7,0.09035,3677,47.45741,7748
48,PatHoo,7,0.09035,3684,47.54775,7748
49,togettoyou,7,0.09035,3691,47.63810,7748
50,wisheen,7,0.09035,3698,47.72845,7748
51,Wusuluren,7,0.09035,3705,47.81879,7748
52,egliu,6,0.07744,3711,47.89623,7748
53,fanspace,6,0.07744,3717,47.97367,7748
54,luckyfengyong,5,0.06453,3722,48.03820,7748
55,TheBeatles1994,5,0.06453,3727,48.10274,7748
56,yr-tech,5,0.06453,3732,48.16727,7748
57,ziyouguodu,5,0.06453,3737,48.23180,7748
58,BussanQ,4,0.05163,3741,48.28343,7748
59,imdingtalk,4,0.05163,3745,48.33505,7748
60,jelly320,4,0.05163,3749,48.38668,7748
61,jkryanchou,4,0.05163,3753,48.43831,7748
62,lin1005q,4,0.05163,3757,48.48993,7748
63,lusains,4,0.05163,3761,48.54156,7748
64,lyhao,4,0.05163,3765,48.59319,7748
65,MikelPan,4,0.05163,3769,48.64481,7748
66,ningpengtao-coder,4,0.05163,3773,48.69644,7748
67,w8589167,4,0.05163,3777,48.74806,7748
68,wanggd0313,4,0.05163,3781,48.79969,7748
69,2qif49lt,3,0.03872,3784,48.83841,7748
70,ceunfish,3,0.03872,3787,48.87713,7748
71,glongzh,3,0.03872,3790,48.91585,7748
72,huangkaiyan10,3,0.03872,3793,48.95457,7748
73,qq510521,3,0.03872,3796,48.99329,7748
74,SFeng-git,3,0.03872,3799,49.03201,7748
75,sundong1982,3,0.03872,3802,49.07073,7748
76,UniqueCh,3,0.03872,3805,49.10945,7748
77,codingdosg,2,0.02581,3807,49.13526,7748
78,Dearxiaonan,2,0.02581,3809,49.16107,7748
79,fighterhit,2,0.02581,3811,49.18689,7748
80,fsckzy,2,0.02581,3813,49.21270,7748
81,gaodongfei,2,0.02581,3815,49.23851,7748
82,huyunhaode,2,0.02581,3817,49.26433,7748
83,JervyShi,2,0.02581,3819,49.29014,7748
84,jxhsjxhs,2,0.02581,3821,49.31595,7748
85,kiddingl,2,0.02581,3823,49.34177,7748
86,Lion916,2,0.02581,3825,49.36758,7748
87,li-sen,2,0.02581,3827,49.39339,7748
88,opsnoober,2,0.02581,3829,49.41920,7748
89,qianxiao1314,2,0.02581,3831,49.44502,7748
90,trey03,2,0.02581,3833,49.47083,7748
91,WordJian,2,0.02581,3835,49.49664,7748
92,zhaosonghai,2,0.02581,3837,49.52246,7748
93,1056604657,1,0.01291,3838,49.53536,7748
94,Aaron-kk,1,0.01291,3839,49.54827,7748
95,AndrewOYLK,1,0.01291,3840,49.56118,7748
96,dafu999,1,0.01291,3841,49.57408,7748
97,decaMinCow,1,0.01291,3842,49.58699,7748
98,DesistDaydream,1,0.01291,3843,49.59990,7748
99,fengshunli,1,0.01291,3844,49.61280,7748
100,feranwq,1,0.01291,3845,49.62571,7748
101,gdlbl,1,0.01291,3846,49.63862,7748
102,hairui33,1,0.01291,3847,49.65152,7748
103,hmrg-grmh,1,0.01291,3848,49.66443,7748
104,hoozecn,1,0.01291,3849,49.67734,7748
105,huaryliu,1,0.01291,3850,49.69024,7748
106,icecocer,1,0.01291,3851,49.70315,7748
107,jackiechensg,1,0.01291,3852,49.71606,7748
108,jiajiangnan,1,0.01291,3853,49.72896,7748
109,jixiaoshi-gif,1,0.01291,3854,49.74187,7748
110,jokimina,1,0.01291,3855,49.75478,7748
111,ldh761,1,0.01291,3856,49.76768,7748
112,liushifa,1,0.01291,3857,49.78059,7748
113,liyongcool,1,0.01291,3858,49.79350,7748
114,lklkxcxc,1,0.01291,3859,49.80640,7748
115,longting,1,0.01291,3860,49.81931,7748
116,Mr-lixh,1,0.01291,3861,49.83221,7748
117,NoDifficulty,1,0.01291,3862,49.84512,7748
118,pangithnb,1,0.01291,3863,49.85803,7748
119,pansue,1,0.01291,3864,49.87093,7748
120,pc0013,1,0.01291,3865,49.88384,7748
121,phpdpy,1,0.01291,3866,49.89675,7748
122,qwzhou89,1,0.01291,3867,49.90965,7748
123,Remember2015,1,0.01291,3868,49.92256,7748
124,SQGE,1,0.01291,3869,49.93547,7748
125,steve-fei,1,0.01291,3870,49.94837,7748
126,sunmmi,1,0.01291,3871,49.96128,7748
127,sure3385,1,0.01291,3872,49.97419,7748
128,thedreamwork,1,0.01291,3873,49.98709,7748
129,u2bo,1,0.01291,3874,50.00000,7748
130,vinzol,1,0.01291,3875,50.01291,7748
131,wangyi0shi,1,0.01291,3876,50.02581,7748
132,weinformatics,1,0.01291,3877,50.03872,7748
133,wh-afra,1,0.01291,3878,50.05163,7748
134,wzh886818,1,0.01291,3879,50.06453,7748
135,xiaofan-linux,1,0.01291,3880,50.07744,7748
136,xujiyou,1,0.01291,3881,50.09035,7748
137,ZacharyGg,1,0.01291,3882,50.10325,7748
138,zhaochj,1,0.01291,3883,50.11616,7748
139,ZhenRed,1,0.01291,3884,50.12907,7748
