rank_number,actor,contributions,percent,cumulative_sum,cumulative_percent,all_contributions
1,flant-team-sysdev,1034,2.96675,1034,2.96675,34853
2,Zhbert,815,2.33839,1849,5.30514,34853
3,may-cat,522,1.49772,2371,6.80286,34853
4,valent-ex,309,0.88658,2680,7.68944,34853
5,plastilinko,120,0.34430,2800,8.03374,34853
6,olegznv,45,0.12911,2845,8.16286,34853
7,ToyTox,40,0.11477,2885,8.27762,34853
8,kobel169,36,0.10329,2921,8.38091,34853
9,cristaloleg,17,0.04878,2938,8.42969,34853
10,NickVolynkin,16,0.04591,2954,8.47560,34853
11,alchazov,14,0.04017,2968,8.51577,34853
12,dudicoco,14,0.04017,2982,8.55593,34853
13,kuzaxak,11,0.03156,2993,8.58750,34853
14,onegreyonewhite,11,0.03156,3004,8.61906,34853
15,skyfall174,10,0.02869,3014,8.64775,34853
16,tuchinsky,10,0.02869,3024,8.67644,34853
17,abrekhov,9,0.02582,3033,8.70226,34853
18,dgdagadin87,9,0.02582,3042,8.72809,34853
19,mfominov,9,0.02582,3051,8.75391,34853
20,VadimDobryninFlant,9,0.02582,3060,8.77973,34853
21,andrew-demb,8,0.02295,3068,8.80269,34853
22,deckhouse-BOaTswain,8,0.02295,3076,8.82564,34853
23,matthiasfehr,8,0.02295,3084,8.84859,34853
24,n-bes,8,0.02295,3092,8.87155,34853
25,patsevanton,8,0.02295,3100,8.89450,34853
26,viperx77,8,0.02295,3108,8.91745,34853
27,31337Ghost,7,0.02008,3115,8.93754,34853
28,borgius,7,0.02008,3122,8.95762,34853
29,Joyjey,7,0.02008,3129,8.97771,34853
30,Sebor,7,0.02008,3136,8.99779,34853
31,vitaliy-sn,7,0.02008,3143,9.01788,34853
32,zegerius,7,0.02008,3150,9.03796,34853
33,CRASH-Tech,6,0.01722,3156,9.05517,34853
34,develar,6,0.01722,3162,9.07239,34853
35,eugerm,6,0.01722,3168,9.08960,34853
36,guyboltonking,6,0.01722,3174,9.10682,34853
37,iamalryz,6,0.01722,3180,9.12404,34853
38,kramarama,6,0.01722,3186,9.14125,34853
39,psvmcc,6,0.01722,3192,9.15847,34853
40,slonopotamus,6,0.01722,3198,9.17568,34853
41,alexbechmann,5,0.01435,3203,9.19003,34853
42,codmw44,5,0.01435,3208,9.20437,34853
43,identw,5,0.01435,3213,9.21872,34853
44,kovetskiy,5,0.01435,3218,9.23306,34853
45,lionskape,5,0.01435,3223,9.24741,34853
46,mastanggt,5,0.01435,3228,9.26176,34853
47,rgeraskin,5,0.01435,3233,9.27610,34853
48,sabinich,5,0.01435,3238,9.29045,34853
49,tempdos,5,0.01435,3243,9.30479,34853
50,aak74,4,0.01148,3247,9.31627,34853
51,gkappel,4,0.01148,3251,9.32775,34853
52,oppianmatt,4,0.01148,3255,9.33922,34853
53,preenx,4,0.01148,3259,9.35070,34853
54,rfyiamcool,4,0.01148,3263,9.36218,34853
55,spyric,4,0.01148,3267,9.37366,34853
56,VAveryanov8,4,0.01148,3271,9.38513,34853
57,bilenkis,3,0.00861,3274,9.39374,34853
58,bonza,3,0.00861,3277,9.40235,34853
59,dimasadriansyah,3,0.00861,3280,9.41095,34853
60,dmitrydprog,3,0.00861,3283,9.41956,34853
61,ekonomizer,3,0.00861,3286,9.42817,34853
62,ev4ern,3,0.00861,3289,9.43678,34853
63,hunao0221,3,0.00861,3292,9.44538,34853
64,Ivan-Baranov,3,0.00861,3295,9.45399,34853
65,j6s,3,0.00861,3298,9.46260,34853
66,k0t3n,3,0.00861,3301,9.47121,34853
67,kayanme,3,0.00861,3304,9.47982,34853
68,murka,3,0.00861,3307,9.48842,34853
69,mutagenspree,3,0.00861,3310,9.49703,34853
70,naimax,3,0.00861,3313,9.50564,34853
71,Nemmo,3,0.00861,3316,9.51425,34853
72,NikitaIT,3,0.00861,3319,9.52285,34853
73,NLaws,3,0.00861,3322,9.53146,34853
74,Nyantechnolog,3,0.00861,3325,9.54007,34853
75,platinumthinker,3,0.00861,3328,9.54868,34853
76,preved911,3,0.00861,3331,9.55728,34853
77,PrideSt,3,0.00861,3334,9.56589,34853
78,rino-pupkin,3,0.00861,3337,9.57450,34853
79,rjeka,3,0.00861,3340,9.58311,34853
80,sasokol,3,0.00861,3343,9.59171,34853
81,saurabhkdm,3,0.00861,3346,9.60032,34853
82,shandak,3,0.00861,3349,9.60893,34853
83,strangeman,3,0.00861,3352,9.61754,34853
84,wizbit,3,0.00861,3355,9.62614,34853
85,wntbrian,3,0.00861,3358,9.63475,34853
86,xandr0s,3,0.00861,3361,9.64336,34853
87,xanecs,3,0.00861,3364,9.65197,34853
88,am813nt,2,0.00574,3366,9.65771,34853
89,bard,2,0.00574,3368,9.66344,34853
90,ch1seL,2,0.00574,3370,9.66918,34853
91,daviddelucca,2,0.00574,3372,9.67492,34853
92,dmitrykravchenko-flant,2,0.00574,3374,9.68066,34853
93,drdeimos,2,0.00574,3376,9.68640,34853
94,duckhawk,2,0.00574,3378,9.69214,34853
95,enterit,2,0.00574,3380,9.69787,34853
96,epappas,2,0.00574,3382,9.70361,34853
97,icecom-dg,2,0.00574,3384,9.70935,34853
98,imissyouso,2,0.00574,3386,9.71509,34853
99,IvanShamatov,2,0.00574,3388,9.72083,34853
100,kixiro,2,0.00574,3390,9.72657,34853
101,markmaas,2,0.00574,3392,9.73230,34853
102,MrBeast,2,0.00574,3394,9.73804,34853
103,Noksa,2,0.00574,3396,9.74378,34853
104,oneinstack,2,0.00574,3398,9.74952,34853
105,oscarsierradevo,2,0.00574,3400,9.75526,34853
106,rayderua,2,0.00574,3402,9.76100,34853
107,Roman513,2,0.00574,3404,9.76673,34853
108,roman-geraskin,2,0.00574,3406,9.77247,34853
109,rubengees,2,0.00574,3408,9.77821,34853
110,samarpan-rai,2,0.00574,3410,9.78395,34853
111,scaat,2,0.00574,3412,9.78969,34853
112,splitice,2,0.00574,3414,9.79543,34853
113,sutyrin,2,0.00574,3416,9.80116,34853
114,tumauwt,2,0.00574,3418,9.80690,34853
115,w0wn3r0,2,0.00574,3420,9.81264,34853
116,Zsmith32,2,0.00574,3422,9.81838,34853
117,4ippers,1,0.00287,3423,9.82125,34853
118,AlexPerov,1,0.00287,3424,9.82412,34853
119,allnightlong,1,0.00287,3425,9.82699,34853
120,alpeshjikadra,1,0.00287,3426,9.82986,34853
121,AndrewP-GH,1,0.00287,3427,9.83273,34853
122,anoutsider,1,0.00287,3428,9.83560,34853
123,ansidorov,1,0.00287,3429,9.83846,34853
124,azahi,1,0.00287,3430,9.84133,34853
125,bdronneau,1,0.00287,3431,9.84420,34853
126,deen13,1,0.00287,3432,9.84707,34853
127,dimsua,1,0.00287,3433,9.84994,34853
128,dmitryuk,1,0.00287,3434,9.85281,34853
129,dmolim,1,0.00287,3435,9.85568,34853
130,Docuch,1,0.00287,3436,9.85855,34853
131,Dryymoon,1,0.00287,3437,9.86142,34853
132,dtretyakov,1,0.00287,3438,9.86429,34853
133,EgorLyutov,1,0.00287,3439,9.86716,34853
134,EvgenySamoylov,1,0.00287,3440,9.87003,34853
135,F1NYA,1,0.00287,3441,9.87289,34853
136,falkolab,1,0.00287,3442,9.87576,34853
137,fandujar,1,0.00287,3443,9.87863,34853
138,Faust13,1,0.00287,3444,9.88150,34853
139,FessAectan,1,0.00287,3445,9.88437,34853
140,freshcot,1,0.00287,3446,9.88724,34853
141,GUI,1,0.00287,3447,9.89011,34853
142,gyrt,1,0.00287,3448,9.89298,34853
143,HalfBottleOfMind,1,0.00287,3449,9.89585,34853
144,himanshu-garg-razorpay,1,0.00287,3450,9.89872,34853
145,imcitius,1,0.00287,3451,9.90159,34853
146,inanme,1,0.00287,3452,9.90446,34853
147,itJunky,1,0.00287,3453,9.90733,34853
148,ivaaaan,1,0.00287,3454,9.91019,34853
149,Ivanello,1,0.00287,3455,9.91306,34853
150,jayesh100,1,0.00287,3456,9.91593,34853
151,JenspederM,1,0.00287,3457,9.91880,34853
152,jfontan,1,0.00287,3458,9.92167,34853
153,johnnyhuy,1,0.00287,3459,9.92454,34853
154,jonashackt,1,0.00287,3460,9.92741,34853
155,joshuataylor,1,0.00287,3461,9.93028,34853
156,jougene,1,0.00287,3462,9.93315,34853
157,juckerf,1,0.00287,3463,9.93602,34853
158,ka0o0,1,0.00287,3464,9.93889,34853
159,kacuragi87,1,0.00287,3465,9.94176,34853
160,kam1kaze,1,0.00287,3466,9.94462,34853
161,kaxil,1,0.00287,3467,9.94749,34853
162,kolobok22,1,0.00287,3468,9.95036,34853
163,korob93,1,0.00287,3469,9.95323,34853
164,korsarnsk,1,0.00287,3470,9.95610,34853
165,kr0k,1,0.00287,3471,9.95897,34853
166,krylovsk,1,0.00287,3472,9.96184,34853
167,lazovskiy,1,0.00287,3473,9.96471,34853
168,LevT2,1,0.00287,3474,9.96758,34853
169,littleredridingfox,1,0.00287,3475,9.97045,34853
170,lorantalas,1,0.00287,3476,9.97332,34853
171,LuciferInLove,1,0.00287,3477,9.97619,34853
172,makeittotop,1,0.00287,3478,9.97905,34853
173,manycoding,1,0.00287,3479,9.98192,34853
174,MarkVasilyev,1,0.00287,3480,9.98479,34853
175,maxd,1,0.00287,3481,9.98766,34853
176,maximseshuk,1,0.00287,3482,9.99053,34853
177,mbhavya,1,0.00287,3483,9.99340,34853
178,mcammisa78,1,0.00287,3484,9.99627,34853
179,Menzorg,1,0.00287,3485,9.99914,34853
180,mladedav,1,0.00287,3486,10.00201,34853
181,myroslav,1,0.00287,3487,10.00488,34853
182,Namphibian,1,0.00287,3488,10.00775,34853
183,nikitka,1,0.00287,3489,10.01062,34853
184,pservit,1,0.00287,3490,10.01349,34853
185,psyhonut,1,0.00287,3491,10.01635,34853
186,sathieu,1,0.00287,3492,10.01922,34853
187,satunin,1,0.00287,3493,10.02209,34853
188,sb-truefalse,1,0.00287,3494,10.02496,34853
189,scop,1,0.00287,3495,10.02783,34853
190,sergiy-scherbinin,1,0.00287,3496,10.03070,34853
191,sevkin,1,0.00287,3497,10.03357,34853
192,simonpoortman123,1,0.00287,3498,10.03644,34853
193,sjfbjs,1,0.00287,3499,10.03931,34853
194,skycyan,1,0.00287,3500,10.04218,34853
195,sly-roar,1,0.00287,3501,10.04505,34853
196,Smolevich,1,0.00287,3502,10.04792,34853
197,StreSSt,1,0.00287,3503,10.05078,34853
198,Tom910,1,0.00287,3504,10.05365,34853
199,uzhinskiy,1,0.00287,3505,10.05652,34853
200,vgolovnin,1,0.00287,3506,10.05939,34853
201,vladimir1980,1,0.00287,3507,10.06226,34853
202,VolCh,1,0.00287,3508,10.06513,34853
203,wuestkamp,1,0.00287,3509,10.06800,34853
204,xvladqt,1,0.00287,3510,10.07087,34853
205,yariksheptykin,1,0.00287,3511,10.07374,34853
206,zamai,1,0.00287,3512,10.07661,34853
